import pandas as pd
from sklearn.neighbors import KNeighborsClassifier

data = {
    'Cd_1': [53.1, 36.9, 41.9, 74.3, 48.4, 82.1, 47.4, 59.4, 45.1, 19.4, 74.6, 35.9, 56.7, 54.5, 41.5, 55.9, 41.6, 67.4, 51.3, 56.9, 7.3, 24.8, 83.4, 74.2],
    'Cd_2': [63.4, 54.7, 65.5, 51.8, 83.1, 68.3, 55.3, 49.4, 79.8, 58.1, 42.3, 58.4, 68.8, 71.9, 51.1, 48.5, 75.2, 71.3, 72.7, 65.2, 73, 32.9, 61.3, 50.4],
    'Cd_3': [33.4, 31.1, 35.4, 36.4, 44.1, 35.7, 22.3, 45.9, 50.5, 25.1, 59.3, 38.1, 22.3, 55.4, 34.8, 41.1, 47.5, 53.9, 53.5, 59.7, 48.9, 45.3, 51.8, 49.7],
    'Cd_4': [46.2, 50.5, 52.3, 40.9, 62.5, 40.7, 36.1, 57.2, 20.6, 77.7, 38.7, 37.5, 48.6, 55.3, 59.6, 51.6, 41.3, 48.1, 67.6, 76.9, 43.8, 43.9, 48.4, 56.9],
    'Cd_5': [47.3, 38.5, 49.3, 74.7, 67.1, 80.1, 57.2, 57.4, 46.4, 30.2, 87.7, 41.5, 73.1, 75.7, 56.4, 15.4, 74.5, 43.5, 49.5, 68.8, 50.5, 68.4, 57.7, 50.2],
    'Cd_6': [21.2, 47.2, 43.2, 42.4, 60.7, 60.7, 57.2, 57.2, 45.4, 37.6, 44.3, 57.3, 31.4, 39.2, 58.4, 55.7, 33.3, 45.8, 57.6, 43.2, 81.3, 42.3, 37.7, 46.1],
    'Cd_7': [43.4, 38.9, 39.4, 42.2, 60.7, 42.2, 66.2, 57.2, 73.7, 30.2, 56.4, 55.7, 76.9, 90.1, 70.8, 70.8, 84.4, 55.7, 85.1, 42.5, 49.5, 42.3, 41.3, 51.2],
    'Cd_8': [36.1, 34.4, 64.7, 65.1, 71.7, 45.8, 66.9, 66.9, 53.4, 29.6, 29.3, 63.1, 17.9, 92.6, 70.8, 70.8, 44.8, 55.7, 63.1, 50.2, 29.6, 71.8, 34.3, 57.2],
    'Cd_9': [46.4, 56.8, 64.7, 32.6, 27.1, 35.4, 70.3, 66.5, 59.3, 59.3, 38.1, 63.8, 36.9, 81.8, 70.4, 70.4, 30.2, 65.9, 40.4, 41.6, 52.4, 54.9, 64.3, 64.9],
    'Cd_10': [65, 78.8, 50.8, 77.6, 50.7, 50.6, 51.8, 75.7, 64.7, 48.7, 57.3, 67.8, 65.9, 57.9, 81.9, 85.7, 84.6, 86.6, 86.6, 78.7, 75.7, 63.6, 56.9, 64.9],
    'Result': ['N', 'N', 'Y', 'N', 'Y', 'N', 'N', 'N', 'Y', 'N', 'N', 'Y', 'N', 'Y', 'N', 'N', 'N', 'Y', 'N', 'N', 'Y', 'N', 'N', 'N']
}

# Converting the dataset to a DataFrame
df = pd.DataFrame(data)

# Separating features and target
X = df.drop(columns=['Result'])
y = df['Result']

# Implementing KNN
knn = KNeighborsClassifier(n_neighbors=3)
knn.fit(X, y)

# Example prediction
example_data = [[50, 60, 70, 80, 90, 40, 30, 20, 10, 5]]
prediction = knn.predict(example_data)

print(f'Prediction for the example data: {prediction[0]}')
